Antonio,5,5,4,5,5,1,2,1,5,3,2,2,5,5,2
Saul,5,4,1,3,2,1,3,1,4,3,4,3,4,2,5
Omar,3,4,1,1,2,1,1,1,1,4,4,4,3,3,1
Guillermo,5,5,5,5,5,5,5,5,5,5,5,5,5,5,5
Dante,5,5,4,5,5,3,4,5,4,3,4,3,3,3,3
Nataly,4,5,1,3,5,4,2,4,5,3,3,3,4,5,5
Jurian,4,5,1,3,2,2,4,1,3,3,3,3,3,4,2
Viridiana,3,4,1,3,1,1,1,5,3,3,5,3,3,4,1
Alvaro,4,5,1,3,5,5,2,1,2,2,5,3,3,4,1,
Raul,3,5,2,5,5,2,4,3,1,3,3,4,5,5,5
Roberto,5,4,1,3,5,3,2,5,4,3,5,2,3,5,1
Eliel,4,4,1,5,5,2,3,4,2,3,5,5,4,4,4
Miguel,5,4,3,4,4,4,5,4,2,2,4,3,3,3,2
Manuel,5,3,1,2,1,3,1,3,1,1,5,4,5,5,1
Yair,5,5,1,4,5,3,4,5,4,5,5,4,4,5,5
Ricardo,5,4,1,4,4,2,1,2,4,2,5,4,4,5,3
Israel,4,5,1,4,3,1,3,2,3,4,3,5,3,3,1
Yesua,5,4,1,3,3,2,2,1,1,1,3,4,2,5,2
Adrian,5,5,4,4,4,4,2,2,4,2,3,4,4,4,4
Jafet,5,5,1,2,4,2,1,1,1,3,5,3,3,4,4
Leon,5,4,2,2,3,1,1,2,2,3,3,1,2,4,4
Carlo,5,5,4,2,4,2,3,4,1,1,5,4,1,4,1
Brad,5,5,3,5,1,1,2,5,1,1,3,5,4,5,3
Oscar,5,4,3,2,1,3,3,5,1,1,5,2,3,4,1
Joel,5,5,1,5,5,4,2,3,3,4,5,2,4,5,5
Karen,4,5,5,3,4,2,5,1,4,3,4,4,4,5,5
Mauricio,5,5,5,1,1,3,3,5,1,1,5,5,3,4,5
Alberto Alvarado S,5,5,2,2,3,3,5,2,2,4,3,4,3,3,5
David Isai Alvarez R,5,5,3,3,4,4,5,5,4,4,4,4,2,4,5
Daniela Barcenas G.,5,4,1,5,3,1,3,3,1,4,4,3,1,5,2
Sergio Benitez R.,3,5,1,5,3,4,1,3,4,4,3,4,5,4,5
Castro V. Rogelio,5,5,3,4,5,2,3,5,2,4,4,4,4,5,5,
Ceron R. Ian,4,4,1,3,5,1,4,4,2,3,3,3,1,1,1
Chavez S. Dejanny,2,5,1	5,1,2,4,1,3,3,5,3,3,4,3
Contreras S. Mario,3,5,3,4,5,4,4,1,3,4,5,5,4,3,5
Cruz M. Ada Saray,3,5,2,5,3,3,5,1,3,4,5,4,2,5,5
De la Luz O. Armando,4,5,1,3,5,4,3,5,4,3,3,3,3,4,4
Delgado R. Gamaliel,5,3	3,4,3,5,2,5,2,4,5,1,2,3,4
Diaz G. Angel,3,5,2,1,5,1,5,1,3,2,1,4,3,3,1
Espinosa D. Gerardo,5,3,5,5,4,1,2,5,4,4,3,2,4,4,5
Flores C. Luis,1,4,1,3,5,3,3,4,4,4,5,4,3,2,5
Godinez M. Mario,3,5,1,4,3,3,5,3,2,3,5,5,2,4,5
Gonzalez R. Diego,5,5,5,5,5,4,4,5,2,3,4,3,3,5,5
Gonzalez R. Juan,4,4,3,4,2,3,4,4,3,3,3,2,1,2,1
Gurrola S. Joel,5,5,3,4,4,3,3,4,3,2,3,4,2,3,2
Hernandez B. Ennia,5,4,5,4,3,3,5,3,1,3,2,3,1,4,3
Hernandez C. Jonathan,5,5,2,5,4,2,5,5,1,1,3,4,1,5,3
Marquez L. Luis,3,5,5,5,2,2,3,3,3,5,5,3,1,5,3
Molina G. Luz,5,5,1,4,5,3,5,5,4,5,4,4,5,5,5
Rojas T. Italuu,2,5,3,4,5,3,4,2,3,3,3,4,4,5,3
Sanchez T. Valeria,5,5,3,5,2,3,1,3,3,5,3,3,4,5,2
Taboada P. Isaias,5,5,3,5,3,1,4,5,4,4,5,1,5,3,3
Vazquez O. Luis,5,5,1,5,4,2,3,5,1,3,4,3,5,3,4
Tonahtiu Ramirez,3,4,3,5,3,2,4,1,3,3,2,5,4,3,1